data.000:
4 4 16
4 3 54 1 34 4 61 2 2
4 4 9 1 15 2 89 3 70
4 1 38 2 19 3 28 4 87
4 1 95 3 34 2 7 4 29

data.001:
15 15 225
15 7 94 13 66 5 10 8 53 4 26 3 15 11 65 12 82 9 10 15 27 10 93 14 92 6 96 1 70 2 83
15 5 74 6 31 8 88 15 51 14 57 9 78 12 8 10 7 7 91 11 79 1 18 4 51 13 18 2 99 3 33
15 2 4 9 82 10 40 13 86 7 50 12 54 14 21 6 6 1 54 3 68 8 82 11 20 5 39 4 35 15 68
15 6 73 3 23 10 30 7 30 11 53 1 94 14 58 5 93 8 32 15 91 12 30 9 56 13 27 2 92 4 9
15 8 78 9 23 7 21 11 60 5 36 10 29 3 95 15 99 13 79 6 76 2 93 14 42 12 52 1 42 4 96
15 6 29 4 61 13 88 14 70 12 16 5 31 15 65 8 83 3 78 2 26 11 50 1 87 10 62 7 14 9 30
15 13 18 4 75 8 20 9 4 15 91 7 68 2 19 12 54 5 85 6 73 3 43 11 24 1 37 14 87 10 66
15 12 32 6 52 1 9 8 49 13 61 14 35 15 99 2 62 3 6 9 62 5 7 4 80 10 3 7 57 11 7
15 11 85 12 30 7 96 15 91 1 13 2 87 3 82 6 83 13 78 5 56 9 85 8 8 10 66 14 88 4 15
15 7 5 12 59 10 30 3 60 9 41 1 17 14 66 4 89 11 78 8 88 2 69 13 45 15 82 5 6 6 13
15 5 90 8 27 14 1 1 8 6 91 13 80 7 89 9 49 15 32 11 28 4 90 2 93 12 6 10 35 3 73
15 3 47 15 43 1 75 13 8 7 51 11 3 8 84 6 34 9 28 10 60 14 69 2 45 4 67 12 58 5 87
15 6 65 9 62 11 97 3 20 4 31 7 33 10 33 1 77 14 50 5 80 2 48 12 90 13 75 8 96 15 44
15 9 28 15 21 5 51 14 75 6 17 7 89 10 59 2 56 13 63 8 18 12 17 11 30 4 16 3 7 1 35
15 11 57 9 16 13 42 7 34 5 37 2 26 14 68 15 73 12 5 1 8 8 12 4 87 3 83 10 20 6 97

data.002:
15 15 225
15 10 86 15 60 5 10 14 59 11 65 4 94 8 71 9 25 1 98 6 49 2 43 3 8 13 90 7 21 12 73
15 11 68 9 28 12 38 15 36 4 93 14 35 10 37 8 28 5 62 3 86 7 65 2 11 6 20 13 82 1 23
15 8 33 1 67 7 96 6 91 15 83 14 81 3 60 12 88 5 20 13 62 2 22 10 79 4 38 11 40 9 82
15 10 13 12 14 15 73 1 88 2 24 9 16 6 78 11 70 13 53 5 68 14 73 4 90 7 58 8 7 3 4
15 12 93 5 52 14 63 4 13 9 19 2 41 11 71 13 59 3 19 15 60 7 85 8 99 1 73 10 95 6 19
15 6 62 3 60 2 93 11 16 1 10 5 72 9 88 15 69 7 58 4 41 10 46 8 63 12 76 13 83 14 62
15 6 50 11 68 14 90 1 34 10 44 9 5 2 8 12 25 15 70 8 53 13 78 3 92 7 62 5 85 4 70
15 13 60 1 64 10 92 4 44 14 63 7 91 6 21 8 1 3 96 15 19 12 59 9 12 11 41 2 11 5 94
15 12 93 11 46 6 51 14 37 2 91 10 90 9 63 8 40 4 68 7 13 1 16 3 83 15 49 13 24 5 23
15 3 5 15 35 4 21 11 14 7 66 2 3 1 6 14 98 12 63 5 64 6 76 9 94 8 17 13 62 10 37
15 12 35 15 42 14 62 6 68 5 73 10 27 2 52 7 39 13 41 1 25 3 9 9 34 11 50 4 41 8 98
15 13 23 4 32 11 35 9 10 5 29 8 68 14 20 12 8 15 58 2 62 3 39 1 32 6 8 7 33 10 91
15 9 28 14 31 6 3 1 28 12 66 10 59 5 24 13 45 2 81 11 8 7 44 3 42 8 2 15 23 4 53
15 3 11 6 93 5 27 4 59 10 62 2 23 12 23 14 7 8 77 7 64 11 60 15 97 1 36 9 53 13 72
15 2 36 11 98 5 38 3 24 1 84 8 47 7 72 10 1 12 91 13 85 6 68 15 42 4 20 14 30 9 30

data.003:
15 15 225
15 8 69 12 81 9 81 4 62 13 80 2 3 14 38 1 62 15 54 7 66 10 88 5 82 3 3 11 12 6 88
15 13 83 2 51 12 47 10 15 7 89 4 76 3 52 5 18 6 22 9 85 14 26 15 30 11 5 1 89 8 22
15 2 62 3 47 10 93 1 54 4 38 6 78 9 71 5 96 15 19 11 33 13 44 14 71 8 90 7 9 12 21
15 14 33 11 82 7 80 3 30 15 96 8 31 5 11 12 26 1 41 6 55 10 12 4 10 9 92 2 3 13 75
15 2 36 9 49 5 10 15 43 7 69 6 72 4 19 3 65 10 37 11 57 14 32 8 11 12 73 1 89 13 12
15 6 83 15 32 3 6 13 13 11 87 2 94 12 36 5 76 7 46 10 30 1 56 14 62 9 32 4 52 8 72
15 6 29 3 78 1 21 2 27 9 17 15 43 12 14 11 15 8 16 10 49 7 72 13 19 5 99 14 38 4 64
15 5 12 8 74 11 4 2 3 10 15 9 62 3 50 15 38 12 49 4 25 6 18 7 55 14 5 13 71 1 27
15 15 69 12 13 1 33 10 47 11 86 6 31 4 97 13 48 9 25 14 40 7 94 2 22 8 61 3 59 5 16
15 10 27 1 4 4 35 11 80 13 49 14 46 6 84 2 46 7 96 15 72 9 18 12 23 3 96 8 74 5 23
15 8 36 3 17 2 81 13 67 4 47 15 5 5 51 7 23 6 82 10 35 9 96 14 7 11 54 1 92 12 38
15 1 78 9 58 15 62 13 43 10 1 6 56 7 76 11 49 8 80 12 26 4 79 5 9 2 24 14 24 3 42
15 9 38 13 86 11 38 12 38 15 83 4 36 7 11 2 17 5 99 6 14 1 57 10 64 14 58 3 96 8 17
15 14 10 3 86 12 93 1 63 15 61 11 62 4 75 2 90 13 40 5 77 6 8 7 27 8 96 10 69 9 64
15 2 73 14 12 1 14 12 71 3 3 11 47 5 84 9 84 4 53 6 58 8 95 7 87 10 90 13 68 15 75

